-----------------------------------------------------
-----------------------------------------------------
Test file: numbers01.txt, numbers02.txt, numbers03.txt, numbers04.txt,

NOTES: Example test file
-----------------------------------------------------
Number of arrays holding file input = 20
file chunk[0] with size 31 :
----------------------------------------------------------------------
143,685,163,90,413,918,940,829,397,462,0,40,571,209,116,41,267,390,408,
365,16,86,424,31,180,507,284,493,825,526,990,
----------------------------------------------------------------------
file chunk[1] with size 31 :
----------------------------------------------------------------------
201,588,434,481,23,770,311,707,543,988,714,810,343,528,616,486,0,937,651,
736,419,523,757,509,534,145,265,194,164,103,313,
----------------------------------------------------------------------
file chunk[2] with size 31 :
----------------------------------------------------------------------
511,969,977,220,145,76,7,138,340,895,942,839,784,54,345,979,338,201,13,
577,528,587,517,698,298,20,844,558,196,727,816,
----------------------------------------------------------------------
file chunk[3] with size 31 :
----------------------------------------------------------------------
340,22,153,229,36,12,526,642,521,742,251,378,904,332,871,543,897,939,340,
846,609,238,878,553,673,312,449,194,80,392,282,
----------------------------------------------------------------------
file chunk[4] with size 4 :
----------------------------------------------------------------------
510,424,929,426,
----------------------------------------------------------------------
file chunk[5] with size 31 :
----------------------------------------------------------------------
714,544,800,498,334,680,824,221,804,336,371,266,457,47,559,202,819,63,426,
81,868,829,524,287,491,750,544,803,479,402,993,
----------------------------------------------------------------------
file chunk[6] with size 31 :
----------------------------------------------------------------------
967,228,808,394,152,771,816,205,494,903,963,442,990,922,382,985,804,946,
492,687,582,880,210,689,971,817,379,811,252,85,957,
----------------------------------------------------------------------
file chunk[7] with size 31 :
----------------------------------------------------------------------
474,238,214,268,391,116,792,258,173,932,574,311,69,814,218,585,300,807,
718,286,825,422,948,521,933,623,704,592,740,957,325,
----------------------------------------------------------------------
file chunk[8] with size 31 :
----------------------------------------------------------------------
694,529,10,238,979,909,168,774,841,898,911,211,143,381,528,264,763,896,
165,207,534,281,604,372,140,580,21,45,993,503,233,
----------------------------------------------------------------------
file chunk[9] with size 4 :
----------------------------------------------------------------------
650,464,855,646,
----------------------------------------------------------------------
file chunk[10] with size 31 :
----------------------------------------------------------------------
711,90,634,177,258,551,880,913,244,260,970,188,59,403,750,29,408,126,810,
655,653,380,237,809,253,588,391,251,31,937,589,
----------------------------------------------------------------------
file chunk[11] with size 31 :
----------------------------------------------------------------------
625,866,573,121,279,828,406,665,361,922,541,5,613,374,570,941,903,843,114,
409,433,994,3,129,966,673,451,547,166,274,434,
----------------------------------------------------------------------
file chunk[12] with size 31 :
----------------------------------------------------------------------
445,322,976,209,350,322,246,602,802,719,353,233,603,134,696,355,424,41,
408,315,491,190,57,981,677,521,247,644,960,481,593,
----------------------------------------------------------------------
file chunk[13] with size 31 :
----------------------------------------------------------------------
995,120,38,832,816,526,539,824,892,46,823,786,505,436,586,416,580,44,108,
470,166,314,880,966,510,338,519,417,385,703,679,
----------------------------------------------------------------------
file chunk[14] with size 4 :
----------------------------------------------------------------------
421,709,932,275,
----------------------------------------------------------------------
file chunk[15] with size 31 :
----------------------------------------------------------------------
466,731,129,493,63,229,824,481,152,232,598,561,278,744,816,78,217,838,656,
717,563,273,683,238,295,470,421,84,483,285,717,
----------------------------------------------------------------------
file chunk[16] with size 31 :
----------------------------------------------------------------------
267,122,541,217,254,524,654,934,306,844,45,720,901,67,224,437,388,258,582,
743,988,915,952,729,652,67,937,71,992,110,882,
----------------------------------------------------------------------
file chunk[17] with size 31 :
----------------------------------------------------------------------
977,758,483,68,979,837,966,431,510,812,757,622,334,449,552,727,61,344,468,
345,427,109,65,989,528,148,659,991,912,40,807,
----------------------------------------------------------------------
file chunk[18] with size 31 :
----------------------------------------------------------------------
179,274,28,145,595,533,888,717,435,228,752,575,233,486,40,678,990,318,771,
91,620,608,937,39,602,994,494,646,166,745,826,
----------------------------------------------------------------------
file chunk[19] with size 4 :
----------------------------------------------------------------------
71,707,874,173,
----------------------------------------------------------------------

Phase 1 : Sorted file chunks 0:
sort file chunk[0] with size 31:
----------------------------------------------------------------------
0,16,31,40,41,86,90,116,143,163,180,209,267,284,365,390,397,408,413,424,
462,493,507,526,571,685,825,829,918,940,990,
----------------------------------------------------------------------


Phase 1 : Sorted file chunks 1:
sort file chunk[1] with size 31:
----------------------------------------------------------------------
0,23,103,145,164,194,201,265,311,313,343,419,434,481,486,509,523,528,534,
543,588,616,651,707,714,736,757,770,810,937,988,
----------------------------------------------------------------------


Phase 1 : Sorted file chunks 2:
sort file chunk[2] with size 31:
----------------------------------------------------------------------
7,13,20,54,76,138,145,196,201,220,298,338,340,345,511,517,528,558,577,587,
698,727,784,816,839,844,895,942,969,977,979,
----------------------------------------------------------------------


Phase 1 : Sorted file chunks 3:
sort file chunk[3] with size 31:
----------------------------------------------------------------------
12,22,36,80,153,194,229,238,251,282,312,332,340,340,378,392,449,521,526,
543,553,609,642,673,742,846,871,878,897,904,939,
----------------------------------------------------------------------


Phase 1 : Sorted file chunks 4:
sort file chunk[4] with size 4:
----------------------------------------------------------------------
424,426,510,929,
----------------------------------------------------------------------


Phase 1 : Sorted file chunks 5:
sort file chunk[5] with size 31:
----------------------------------------------------------------------
47,63,81,202,221,266,287,334,336,371,402,426,457,479,491,498,524,544,544,
559,680,714,750,800,803,804,819,824,829,868,993,
----------------------------------------------------------------------


Phase 1 : Sorted file chunks 6:
sort file chunk[6] with size 31:
----------------------------------------------------------------------
85,152,205,210,228,252,379,382,394,442,492,494,582,687,689,771,804,808,
811,816,817,880,903,922,946,957,963,967,971,985,990,
----------------------------------------------------------------------


Phase 1 : Sorted file chunks 7:
sort file chunk[7] with size 31:
----------------------------------------------------------------------
69,116,173,214,218,238,258,268,286,300,311,325,391,422,474,521,574,585,
592,623,704,718,740,792,807,814,825,932,933,948,957,
----------------------------------------------------------------------


Phase 1 : Sorted file chunks 8:
sort file chunk[8] with size 31:
----------------------------------------------------------------------
10,21,45,140,143,165,168,207,211,233,238,264,281,372,381,503,528,529,534,
580,604,694,763,774,841,896,898,909,911,979,993,
----------------------------------------------------------------------


Phase 1 : Sorted file chunks 9:
sort file chunk[9] with size 4:
----------------------------------------------------------------------
464,646,650,855,
----------------------------------------------------------------------


Phase 1 : Sorted file chunks 10:
sort file chunk[10] with size 31:
----------------------------------------------------------------------
29,31,59,90,126,177,188,237,244,251,253,258,260,380,391,403,408,551,588,
589,634,653,655,711,750,809,810,880,913,937,970,
----------------------------------------------------------------------


Phase 1 : Sorted file chunks 11:
sort file chunk[11] with size 31:
----------------------------------------------------------------------
3,5,114,121,129,166,274,279,361,374,406,409,433,434,451,541,547,570,573,
613,625,665,673,828,843,866,903,922,941,966,994,
----------------------------------------------------------------------


Phase 1 : Sorted file chunks 12:
sort file chunk[12] with size 31:
----------------------------------------------------------------------
41,57,134,190,209,233,246,247,315,322,322,350,353,355,408,424,445,481,491,
521,593,602,603,644,677,696,719,802,960,976,981,
----------------------------------------------------------------------


Phase 1 : Sorted file chunks 13:
sort file chunk[13] with size 31:
----------------------------------------------------------------------
38,44,46,108,120,166,314,338,385,416,417,436,470,505,510,519,526,539,580,
586,679,703,786,816,823,824,832,880,892,966,995,
----------------------------------------------------------------------


Phase 1 : Sorted file chunks 14:
sort file chunk[14] with size 4:
----------------------------------------------------------------------
275,421,709,932,
----------------------------------------------------------------------


Phase 1 : Sorted file chunks 15:
sort file chunk[15] with size 31:
----------------------------------------------------------------------
63,78,84,129,152,217,229,232,238,273,278,285,295,421,466,470,481,483,493,
561,563,598,656,683,717,717,731,744,816,824,838,
----------------------------------------------------------------------


Phase 1 : Sorted file chunks 16:
sort file chunk[16] with size 31:
----------------------------------------------------------------------
45,67,67,71,110,122,217,224,254,258,267,306,388,437,524,541,582,652,654,
720,729,743,844,882,901,915,934,937,952,988,992,
----------------------------------------------------------------------


Phase 1 : Sorted file chunks 17:
sort file chunk[17] with size 31:
----------------------------------------------------------------------
40,61,65,68,109,148,334,344,345,427,431,449,468,483,510,528,552,622,659,
727,757,758,807,812,837,912,966,977,979,989,991,
----------------------------------------------------------------------


Phase 1 : Sorted file chunks 18:
sort file chunk[18] with size 31:
----------------------------------------------------------------------
28,39,40,91,145,166,179,228,233,274,318,435,486,494,533,575,595,602,608,
620,646,678,717,745,752,771,826,888,937,990,994,
----------------------------------------------------------------------


Phase 1 : Sorted file chunks 19:
sort file chunk[19] with size 4:
----------------------------------------------------------------------
71,173,707,874,
----------------------------------------------------------------------

We have 512 numbers in the result.
0
0
3
5
7
10
12
13
16
20
21
22
23
28
29
31
31
36
38
39
40
40
40
41
41
44
45
45
46
47
54
57
59
61
63
63
65
67
67
68
69
71
71
76
78
80
81
84
85
86
90
90
91
103
108
109
110
114
116
116
120
121
122
126
129
129
134
138
140
143
143
145
145
145
148
152
152
153
163
164
165
166
166
166
168
173
173
177
179
180
188
190
194
194
196
201
201
202
205
207
209
209
210
211
214
217
217
218
220
221
224
228
228
229
229
232
233
233
233
237
238
238
238
238
244
246
247
251
251
252
253
254
258
258
258
260
264
265
266
267
267
268
273
274
274
275
278
279
281
282
284
285
286
287
295
298
300
306
311
311
312
313
314
315
318
322
322
325
332
334
334
336
338
338
340
340
340
343
344
345
345
350
353
355
361
365
371
372
374
378
379
380
381
382
385
388
390
391
391
392
394
397
402
403
406
408
408
408
409
413
416
417
419
421
421
422
424
424
424
426
426
427
431
433
434
434
435
436
437
442
445
449
449
451
457
462
464
466
468
470
470
474
479
481
481
481
483
483
486
486
491
491
492
493
493
494
494
498
503
505
507
509
510
510
510
511
517
519
521
521
521
523
524
524
526
526
526
528
528
528
528
529
533
534
534
539
541
541
543
543
544
544
547
551
552
553
558
559
561
563
570
571
573
574
575
577
580
580
582
582
585
586
587
588
588
589
592
593
595
598
602
602
603
604
608
609
613
616
620
622
623
625
634
642
644
646
646
650
651
652
653
654
655
656
659
665
673
673
677
678
679
680
683
685
687
689
694
696
698
703
704
707
707
709
711
714
714
717
717
717
718
719
720
727
727
729
731
736
740
742
743
744
745
750
750
752
757
757
758
763
770
771
771
774
784
786
792
800
802
803
804
804
807
807
808
809
810
810
811
812
814
816
816
816
816
817
819
823
824
824
824
825
825
826
828
829
829
832
837
838
839
841
843
844
844
846
855
866
868
871
874
878
880
880
880
882
888
892
895
896
897
898
901
903
903
904
909
911
912
913
915
918
922
922
929
932
932
933
934
937
937
937
937
939
940
941
942
946
948
952
957
957
960
963
966
966
966
967
969
970
971
976
977
977
979
979
979
981
985
988
988
989
990
990
990
991
992
993
993
994
994
995

Algorithm Elapsed Time: 0 hrs : 0 mins : 0 sec : 22 ms : 763825 ns